129 80
---
0 0 0 0 0 0 0 0 0 0 0 0 0 0 0 0 0 0 0 0 4 4 4 6 4 4 4 0 0 0 0 0 0 0 0 0 0 0 0 0 0 0 0 0 0 0 0 0 0 0 0 0 0 0 0 0 0 0 0 0 0 0 0 0 0 0 0 0 0 0 0 0 0 0 0 0 0 0 0 0 0 0 0 0 0 0 0 0 0 0 0 0 0 0 0 0 0 0 0 0 0 4 4 4 4 0 0 0 0 0 0 0 0 0 0 0 0 0 0 0 0 0 0 0 0 0 0 0 0 
0 0 0 0 0 0 0 0 0 0 0 0 0 0 0 0 0 0 0 4 4 0 0 6 6 0 4 4 0 0 0 0 0 0 0 0 0 0 0 0 0 0 0 0 0 0 0 0 0 0 0 0 0 0 0 0 0 0 0 0 0 0 0 0 0 0 0 0 0 0 0 0 0 0 0 0 0 0 0 0 0 0 0 0 0 0 0 0 0 0 0 0 0 0 0 0 0 0 0 0 4 4 4 0 0 0 0 0 0 0 0 0 0 0 0 0 0 0 0 0 0 0 0 0 0 0 0 0 0 
0 0 0 0 0 0 0 0 0 0 0 0 0 0 0 0 0 0 4 4 0 0 0 0 0 0 0 4 4 0 0 0 0 0 0 0 0 0 0 0 0 0 0 0 0 0 0 0 0 0 0 0 0 0 0 0 0 0 0 0 0 0 0 0 0 0 0 0 0 0 0 0 0 0 0 0 0 0 0 0 0 0 0 0 0 0 0 0 0 0 0 0 0 0 0 0 0 0 0 0 4 4 0 0 0 0 0 0 0 0 0 0 0 0 0 0 0 0 0 0 0 0 0 0 0 0 0 0 0 
0 0 0 0 0 0 0 0 0 0 0 0 0 0 0 0 0 4 4 0 0 0 0 0 0 0 0 0 4 4 4 0 0 0 0 0 0 0 0 0 0 0 0 0 0 0 0 0 0 0 0 0 0 0 0 0 0 0 0 0 0 0 0 0 0 0 0 0 0 0 0 0 0 0 0 0 0 0 0 0 0 0 0 0 0 0 0 0 0 0 0 0 0 0 0 0 0 0 0 0 4 0 0 0 0 0 0 0 0 0 0 0 0 0 0 0 0 0 0 0 0 0 0 0 0 0 0 0 0 
4 0 0 0 0 0 0 0 0 0 0 0 0 0 0 4 4 4 0 0 0 0 0 0 0 0 0 0 0 0 4 4 0 0 0 0 0 0 0 0 0 0 0 0 0 0 0 15 0 0 15 15 15 15 0 0 0 0 0 0 0 0 15 15 15 15 15 15 15 15 15 0 0 0 0 15 15 15 15 15 15 15 15 0 0 0 0 0 0 0 15 15 15 15 15 15 15 15 15 0 0 0 0 15 15 15 15 0 0 0 0 15 15 15 15 0 0 0 0 15 15 15 0 0 15 0 0 0 0 
4 4 0 0 0 0 0 0 0 0 0 0 0 0 0 4 0 0 0 0 0 0 0 0 0 0 0 0 0 0 0 4 4 0 0 0 0 0 0 0 0 0 0 0 0 0 15 15 15 0 15 15 15 15 0 0 0 0 0 0 0 0 15 15 15 15 15 15 15 15 15 0 0 0 0 15 15 15 15 15 15 15 15 15 0 0 0 0 0 15 15 15 15 15 15 15 15 15 15 0 0 0 0 15 15 15 15 0 0 0 0 15 15 15 15 0 0 0 0 15 15 15 0 15 15 15 0 0 0 
4 4 0 0 0 0 0 0 0 0 0 0 0 4 4 4 0 0 0 0 0 0 0 0 0 0 0 0 0 0 0 0 4 4 4 0 0 0 0 0 0 0 0 0 0 0 0 15 0 0 15 15 15 15 0 0 0 0 0 0 0 0 15 15 15 0 0 0 15 15 15 0 0 0 0 15 15 15 0 0 0 0 15 15 15 0 0 0 0 15 15 15 15 15 15 15 15 15 15 0 0 0 0 15 15 15 15 0 0 0 0 15 15 15 15 15 0 0 0 15 15 15 0 0 15 0 0 0 0 
6 4 4 4 0 0 0 0 0 0 0 4 4 4 0 0 0 0 0 0 0 0 0 0 0 0 0 0 0 0 0 0 0 0 4 4 4 0 0 0 0 0 0 0 0 0 0 0 0 0 15 15 15 15 0 0 0 0 0 0 0 0 15 15 15 0 0 0 15 15 15 0 0 0 0 15 15 15 0 0 0 0 15 15 15 0 0 0 0 15 15 15 0 0 0 0 0 0 0 0 0 0 0 15 15 15 15 0 0 0 0 15 15 15 15 15 0 0 0 15 15 15 0 0 0 0 0 0 0 
6 6 6 4 0 0 0 0 0 0 0 4 4 0 0 0 0 0 0 0 0 0 0 0 0 0 0 0 0 0 0 0 0 0 0 0 4 0 0 0 0 0 0 0 0 0 0 0 0 0 15 15 15 15 0 0 0 0 0 0 0 0 15 15 15 15 15 15 15 15 15 0 0 0 0 15 15 15 15 15 15 15 15 15 15 0 0 0 0 15 15 15 0 0 0 0 0 0 0 0 0 0 0 15 15 15 15 0 0 0 0 15 15 15 15 15 15 0 0 15 15 15 0 0 0 0 0 0 0 
6 6 6 4 4 4 0 0 0 4 4 4 0 0 0 0 0 0 0 0 0 0 0 0 0 0 0 0 0 0 0 0 0 0 0 0 4 4 4 0 0 0 0 0 0 0 0 0 0 0 15 15 15 15 0 0 0 0 0 0 0 0 15 15 15 15 15 15 15 15 15 0 0 0 0 15 15 15 15 15 15 15 15 15 0 0 0 0 0 15 15 15 0 0 0 0 0 0 0 0 0 0 0 15 15 15 15 0 0 0 0 15 15 15 0 15 15 0 0 15 15 15 0 0 0 0 0 0 0 
6 6 6 6 6 4 4 0 4 4 0 0 0 0 0 0 0 0 0 0 0 0 0 0 0 0 0 0 0 0 0 0 0 0 0 0 0 0 4 4 4 0 0 0 0 0 0 0 0 0 15 15 15 15 0 0 0 0 0 0 0 0 15 15 15 15 15 15 15 15 15 0 0 0 0 15 15 15 15 15 15 15 15 0 0 0 0 0 0 15 15 15 0 0 0 0 0 0 0 0 0 0 0 15 15 15 15 0 0 0 0 15 15 15 0 15 15 15 0 15 15 15 0 0 0 0 0 0 0 
6 6 6 6 6 6 4 4 4 0 0 0 0 0 0 0 0 0 0 0 0 0 0 0 0 0 0 0 0 0 0 0 0 0 0 0 0 0 0 0 4 4 0 0 0 0 0 0 0 0 15 15 15 15 0 0 0 0 0 0 0 0 15 15 15 0 0 0 15 15 15 0 0 0 0 15 15 15 0 0 0 15 15 15 0 0 0 0 0 15 15 15 0 0 0 0 0 0 0 0 0 0 0 15 15 15 15 0 0 0 0 15 15 15 0 0 15 15 15 15 15 15 0 0 0 0 0 0 0 
6 6 6 6 6 4 4 4 4 6 0 0 0 0 0 0 0 0 0 0 0 0 0 0 0 0 0 0 0 0 0 0 0 0 0 0 0 0 0 0 0 4 4 0 0 0 0 0 0 0 15 15 15 15 15 15 15 15 15 0 0 0 15 15 15 0 0 0 15 15 15 0 0 0 0 15 15 15 0 0 0 0 15 15 15 0 0 0 0 15 15 15 15 15 15 15 15 15 15 0 0 0 0 15 15 15 15 0 0 0 0 15 15 15 0 0 0 15 15 15 15 15 0 0 0 0 0 0 0 
6 6 6 6 4 4 6 6 4 4 6 0 0 0 0 0 0 0 0 0 0 0 0 0 0 0 0 0 0 0 0 0 0 0 0 0 0 0 0 0 0 0 4 4 4 0 0 0 0 0 15 15 15 15 15 15 15 15 15 0 0 0 15 15 15 0 0 0 15 15 15 0 0 0 0 15 15 15 0 0 0 0 0 15 15 15 0 0 0 0 15 15 15 15 15 15 15 15 15 0 0 0 0 15 15 15 15 0 0 0 0 15 15 15 0 0 0 15 15 15 15 15 0 0 0 0 0 0 0 
6 6 6 4 4 4 6 6 6 4 4 6 0 0 0 0 0 0 0 0 0 0 0 0 0 0 0 0 0 0 0 0 0 0 0 0 0 0 0 0 0 0 0 0 4 4 4 0 0 0 15 15 15 15 15 15 15 15 15 0 0 0 15 15 15 0 0 0 15 15 15 0 0 0 0 15 15 15 0 0 0 0 0 0 15 15 15 0 0 0 15 15 15 15 15 15 15 15 15 0 0 0 0 15 15 15 15 0 0 0 0 15 15 15 0 0 0 0 15 15 15 15 0 0 0 0 0 0 0 
6 4 4 4 6 6 6 6 6 6 4 4 4 0 0 0 0 0 0 0 0 0 0 0 0 0 0 0 0 0 0 0 0 0 0 0 0 0 0 0 0 0 0 0 0 0 4 4 0 0 0 0 0 0 0 0 0 0 0 0 0 0 0 0 0 0 0 0 0 0 0 0 0 0 0 0 0 0 0 0 0 0 0 0 0 0 0 0 0 0 0 0 0 0 0 0 0 0 0 0 0 0 0 0 0 0 0 0 0 0 0 0 0 0 0 0 0 0 0 0 0 0 0 0 0 0 0 0 0 
4 4 6 6 6 6 6 6 6 6 6 6 4 4 6 0 0 0 0 0 0 0 0 0 0 0 0 0 0 0 0 0 0 0 0 0 0 0 0 0 0 0 0 0 0 0 0 4 4 4 0 0 0 0 0 0 0 0 0 0 0 0 0 0 0 0 0 0 0 0 0 0 0 0 0 0 0 0 0 0 0 0 0 0 0 0 0 0 0 0 0 0 0 0 0 0 0 0 0 0 0 0 0 0 0 0 0 0 0 0 0 0 0 0 0 0 0 0 0 0 0 0 0 0 0 0 0 0 4 
4 4 6 6 6 6 6 6 6 6 6 6 6 4 4 0 0 0 0 0 0 0 0 0 0 0 0 0 0 0 0 0 0 0 0 0 0 0 0 0 0 0 0 0 0 0 0 0 0 4 4 0 0 0 0 0 0 0 0 0 0 0 0 0 0 0 0 0 0 0 0 0 0 0 0 0 0 0 0 0 0 0 0 0 0 0 0 0 0 0 0 0 0 0 0 0 0 0 0 0 0 0 0 0 0 0 0 0 0 0 0 0 0 0 0 0 0 0 0 0 0 0 0 0 0 0 4 4 4 
6 6 6 6 6 6 6 6 6 6 6 6 6 6 4 4 4 0 0 0 0 0 0 0 0 0 0 0 0 0 0 0 0 0 0 0 0 0 0 0 0 0 0 0 0 0 0 0 0 0 0 0 0 0 0 0 0 0 0 0 0 0 0 0 0 0 0 0 0 0 0 0 0 0 0 0 0 0 0 0 0 0 0 0 0 0 0 0 0 0 0 0 0 0 0 0 0 0 0 0 0 0 0 0 0 0 0 0 0 0 0 0 0 0 0 0 0 0 0 0 0 0 0 0 0 4 4 4 4 
6 6 6 6 6 6 6 6 6 6 6 6 6 6 6 4 4 0 0 0 0 0 0 0 0 0 0 0 0 0 0 0 0 0 0 0 0 0 0 0 0 0 0 0 0 0 0 0 0 0 0 0 0 0 0 0 0 0 0 0 0 0 0 0 0 0 0 0 0 0 0 0 0 0 0 0 0 0 0 0 0 0 0 0 0 0 0 0 0 0 0 0 0 0 0 0 0 0 0 0 0 0 0 0 0 0 0 0 0 0 0 0 0 0 0 0 0 0 0 0 0 0 0 0 4 4 4 4 0 
6 6 6 6 6 6 6 6 6 6 6 6 6 6 6 6 4 4 4 0 0 0 0 0 0 0 0 0 0 0 0 0 0 0 0 0 0 0 0 0 0 0 0 6 0 0 0 0 15 15 15 0 0 0 0 0 0 0 0 0 0 0 15 15 15 15 15 15 15 15 15 15 15 15 15 0 0 0 0 15 15 15 15 15 15 15 15 15 15 15 15 0 0 0 15 15 15 15 15 15 15 15 15 15 15 0 0 0 15 15 15 15 15 15 15 15 15 15 15 15 15 0 0 0 0 4 4 4 4 
6 6 6 6 6 6 6 6 6 6 6 6 6 6 6 6 6 6 4 4 0 0 0 0 0 0 0 0 0 0 0 0 0 0 0 0 0 0 0 0 0 0 0 0 0 0 0 0 15 15 15 0 0 0 0 0 0 0 0 0 0 0 15 15 15 15 15 15 15 15 15 15 15 15 15 0 0 0 15 15 15 15 15 15 15 15 15 15 15 15 15 0 0 0 15 15 15 15 15 15 15 15 15 15 15 0 0 0 15 15 15 15 15 15 15 15 15 15 15 15 15 15 0 0 0 0 4 4 4 
6 6 6 6 6 6 6 6 6 6 6 6 6 6 6 6 6 6 6 4 4 0 0 0 0 0 0 0 0 0 0 0 0 0 0 0 0 0 0 0 6 0 0 0 0 0 0 0 15 15 15 0 0 0 0 0 0 0 0 0 0 0 15 15 15 15 15 15 15 15 15 15 15 15 15 0 0 0 15 15 15 15 15 15 15 15 15 15 15 15 15 0 0 0 15 15 15 15 15 15 15 15 15 15 15 0 0 0 15 15 15 15 15 15 15 15 15 15 15 15 15 15 15 0 0 0 4 4 0 
6 6 6 6 6 6 6 6 6 6 6 6 6 6 6 6 6 6 6 6 4 4 4 0 0 0 0 0 0 0 0 0 0 0 0 0 0 0 0 0 0 0 0 0 0 0 0 0 15 15 15 0 0 0 0 0 0 0 0 0 0 0 15 15 15 15 0 0 0 0 0 15 15 15 15 0 0 0 15 15 15 0 0 0 0 0 0 0 0 0 0 0 0 0 15 15 15 0 0 0 0 0 0 0 0 0 0 0 15 15 15 0 0 0 0 0 0 0 0 15 15 15 15 0 0 0 0 0 0 
6 6 6 6 6 6 6 6 6 6 6 6 6 6 6 6 6 6 6 6 6 6 4 4 0 0 0 0 0 0 0 0 0 0 0 0 0 6 0 0 0 0 0 0 0 0 0 0 15 15 15 0 0 0 0 0 0 0 0 0 0 0 15 15 15 15 0 0 0 0 0 15 15 15 15 0 0 0 15 15 15 0 0 0 0 0 0 0 0 0 0 0 0 0 15 15 15 0 0 0 0 0 0 0 0 0 0 0 15 15 15 0 0 0 0 0 0 0 0 15 15 15 15 0 0 0 0 0 0 
6 6 6 6 6 6 6 6 6 6 6 6 6 6 6 6 6 6 0 0 0 0 0 0 0 0 0 0 0 0 0 0 0 0 0 0 0 0 0 0 0 0 0 0 0 0 0 0 15 15 15 0 0 0 0 0 0 0 0 0 0 0 15 15 15 15 0 0 0 0 0 15 15 15 15 0 0 0 15 15 15 0 0 0 0 0 0 0 0 0 0 0 0 0 15 15 15 0 0 0 0 0 0 0 0 0 0 0 15 15 15 0 0 0 0 0 0 0 0 15 15 15 15 0 0 0 0 0 0 
6 6 6 6 6 6 6 6 6 6 6 6 6 6 0 0 0 0 0 0 4 4 4 4 4 4 0 0 0 0 0 0 0 0 6 0 0 0 0 0 0 0 0 0 0 0 0 0 15 15 15 0 0 0 0 0 0 0 0 0 0 0 15 15 15 15 0 0 0 0 0 15 15 15 15 0 0 0 15 15 15 15 15 15 15 15 15 15 15 15 0 0 0 0 15 15 15 15 15 15 15 15 15 15 15 0 0 0 15 15 15 15 15 15 15 15 15 15 15 15 15 15 15 0 0 0 0 0 0 
6 6 6 6 6 6 6 6 6 6 6 0 0 0 0 0 0 0 0 0 4 4 4 4 4 4 4 0 0 0 0 0 0 0 0 0 0 0 0 0 0 0 0 0 0 0 0 0 15 15 15 0 0 0 0 0 0 0 0 0 0 0 15 15 15 15 15 15 15 15 15 15 15 15 15 0 0 0 15 15 15 15 15 15 15 15 15 15 15 15 15 0 0 0 15 15 15 15 15 15 15 15 15 15 15 0 0 0 15 15 15 15 15 15 15 15 15 15 15 15 15 15 0 0 0 0 0 0 0 
6 6 6 6 6 6 6 6 6 6 0 0 0 0 0 0 0 0 0 0 0 0 0 4 4 4 4 4 4 0 0 0 0 0 0 0 0 0 0 0 0 0 0 0 0 0 0 0 15 15 15 0 0 0 0 0 0 0 0 0 0 0 15 15 15 15 15 15 15 15 15 15 15 15 15 0 0 0 0 15 15 15 15 15 15 15 15 15 15 15 15 0 0 0 15 15 15 15 15 15 15 15 15 15 15 0 0 0 15 15 15 15 15 15 15 15 15 15 15 15 15 0 0 0 0 0 0 0 0 
6 6 6 6 6 6 6 6 6 0 0 0 0 0 0 0 0 0 0 0 0 0 0 4 4 4 4 4 0 0 0 0 0 0 0 0 0 0 0 0 0 0 0 0 0 0 0 0 15 15 15 0 0 0 0 0 0 0 0 0 0 0 15 15 15 15 0 0 0 0 0 15 15 15 15 0 0 0 0 0 0 0 0 0 0 0 0 0 15 15 15 0 0 0 15 15 15 0 0 0 0 0 0 0 0 0 0 0 15 15 15 15 15 15 15 15 15 15 15 15 0 0 0 0 0 0 0 0 0 
6 6 6 6 6 6 6 6 0 0 0 0 0 0 0 0 0 0 0 0 0 0 0 0 4 4 4 4 0 0 0 4 0 0 0 0 0 0 0 0 0 0 0 0 0 0 0 0 15 15 15 0 0 0 0 0 0 0 0 0 0 0 15 15 15 15 0 0 0 0 0 15 15 15 15 0 0 0 0 0 0 0 0 0 0 0 0 0 15 15 15 0 0 0 15 15 15 0 0 0 0 0 0 0 0 0 0 0 15 15 15 0 0 0 0 0 15 15 15 15 15 0 0 0 0 0 0 0 0 
6 6 6 6 6 6 6 6 6 0 0 0 0 0 0 0 0 0 0 0 0 0 0 0 0 4 4 4 4 0 0 4 4 0 0 0 0 0 0 0 0 0 0 0 0 0 0 0 15 15 15 0 0 0 0 0 0 0 0 0 0 0 15 15 15 15 0 0 0 0 0 15 15 15 15 0 0 0 0 0 0 0 0 0 0 0 0 0 15 15 15 0 0 0 15 15 15 0 0 0 0 0 0 0 0 0 0 0 15 15 15 0 0 0 0 0 0 15 15 15 15 15 0 0 0 0 0 0 0 
6 6 6 6 6 6 6 6 6 0 0 0 0 0 0 0 0 0 0 0 0 0 0 0 0 0 4 4 4 0 0 6 4 4 4 0 0 0 0 0 0 0 0 0 0 0 0 0 15 15 15 0 0 0 0 0 0 0 0 0 0 0 15 15 15 15 0 0 0 0 0 15 15 15 15 0 0 0 0 0 0 0 0 0 0 0 0 0 15 15 15 0 0 0 15 15 15 0 0 0 0 0 0 0 0 0 0 0 15 15 15 0 0 0 0 0 0 0 15 15 15 15 15 0 0 0 0 0 0 
6 6 6 6 6 6 6 6 6 0 0 0 0 0 0 0 0 0 0 0 0 0 0 0 0 0 4 4 4 4 0 0 6 6 4 4 0 0 0 0 0 0 0 0 0 0 0 0 15 15 15 15 15 15 15 15 15 15 15 15 0 0 15 15 15 15 0 0 0 0 0 15 15 15 15 0 0 0 15 15 15 15 15 15 15 15 15 15 15 15 15 0 0 0 15 15 15 15 15 15 15 15 15 15 15 0 0 0 15 15 15 0 0 0 0 0 0 0 0 15 15 15 15 15 0 0 0 0 0 
6 6 6 6 6 6 6 6 6 0 0 0 0 0 0 0 0 0 0 0 0 0 0 0 0 0 0 4 4 4 0 0 6 6 6 4 4 0 0 0 0 0 0 0 0 0 0 0 15 15 15 15 15 15 15 15 15 15 15 15 0 0 15 15 15 15 0 0 0 0 0 15 15 15 15 0 0 0 15 15 15 15 15 15 15 15 15 15 15 15 15 0 0 0 15 15 15 15 15 15 15 15 15 15 15 0 0 0 15 15 15 0 0 0 0 0 0 0 0 0 15 15 15 15 15 0 0 0 0 
6 6 6 6 6 6 6 6 6 0 0 0 0 0 0 0 0 0 0 0 0 0 0 0 0 0 0 4 4 4 0 0 6 6 6 6 4 4 4 0 0 0 0 0 0 0 0 0 15 15 15 15 15 15 15 15 15 15 15 15 0 0 15 15 15 15 0 0 0 0 0 15 15 15 15 0 0 0 15 15 15 15 15 15 15 15 15 15 15 15 0 0 0 0 15 15 15 15 15 15 15 15 15 15 15 0 0 0 15 15 15 0 0 0 0 0 0 0 0 0 0 15 15 15 15 0 0 0 0 
6 6 6 6 6 6 6 6 6 6 0 0 0 0 0 0 0 0 0 0 0 0 0 0 0 0 0 4 4 4 0 0 6 6 6 6 6 6 4 4 4 0 0 0 0 0 0 0 0 0 0 0 0 0 0 0 0 0 0 0 0 0 0 0 0 0 0 0 0 0 0 0 0 0 0 0 0 0 0 0 0 0 0 0 0 0 0 0 0 0 0 0 0 0 0 0 0 0 0 0 0 0 0 0 0 0 4 0 0 0 0 0 0 0 0 0 0 0 0 0 0 0 0 0 0 0 0 0 0 
6 6 6 6 6 6 6 6 6 6 0 0 0 0 0 0 0 0 0 0 0 0 0 0 0 0 0 4 4 4 0 0 6 6 6 6 6 6 6 6 4 0 0 0 0 0 0 0 0 0 0 0 0 0 0 0 0 0 0 0 0 0 0 0 0 0 0 0 0 0 0 0 0 0 0 0 0 0 0 0 0 0 0 0 0 0 0 0 0 0 0 0 14 0 0 0 0 0 0 0 0 0 0 0 0 0 0 0 0 0 0 0 0 0 0 0 0 0 0 0 0 0 0 0 0 0 0 0 0 
6 6 6 6 6 6 6 6 6 6 0 0 0 0 0 0 0 0 0 0 0 0 0 0 0 0 0 0 4 4 0 0 6 6 6 6 6 6 6 0 0 0 4 0 0 0 0 0 0 0 0 0 0 0 4 4 4 0 0 0 0 0 0 0 0 0 0 0 0 0 0 0 0 0 0 0 0 0 0 0 0 0 4 4 4 0 0 0 0 0 0 0 0 0 0 0 4 4 4 4 4 4 4 4 0 0 0 0 0 0 0 0 0 0 0 0 0 0 0 0 0 0 0 0 0 0 0 0 0 
6 6 6 6 6 6 6 6 6 6 0 0 0 0 0 0 0 0 0 0 0 0 0 0 0 0 0 0 4 4 0 0 6 6 6 6 6 6 0 0 0 0 4 4 4 0 0 0 0 0 0 0 0 0 4 4 0 0 0 0 0 0 0 0 0 0 0 0 0 0 0 0 0 0 0 0 0 0 0 0 0 0 0 0 4 4 0 0 0 0 0 0 0 0 0 4 4 4 4 4 4 4 0 0 0 0 0 0 0 0 0 0 0 0 0 0 0 0 0 0 0 0 0 0 0 0 0 0 0 
6 6 6 6 6 6 6 6 6 6 6 0 0 0 0 0 0 0 0 0 0 0 0 0 0 0 0 0 4 4 0 0 6 6 6 6 0 0 0 0 6 6 6 6 4 4 0 0 0 0 0 0 4 4 4 0 0 0 0 0 0 0 0 0 0 0 0 0 0 0 0 0 0 0 0 0 0 0 0 0 0 0 0 0 0 4 4 4 0 0 0 0 0 4 4 4 4 4 4 4 4 0 0 0 0 0 0 0 0 0 0 0 0 0 0 0 0 0 0 0 0 0 0 0 0 0 0 0 0 
6 6 6 6 6 6 6 6 6 6 6 0 0 0 0 0 0 0 0 0 0 0 0 0 0 0 0 0 4 4 0 0 6 6 0 0 0 0 0 0 6 6 6 6 6 4 4 4 0 0 0 4 4 0 0 0 0 0 0 0 0 0 0 0 0 0 0 0 0 0 0 0 0 0 0 0 0 0 0 0 0 0 0 0 0 0 0 4 4 4 0 0 4 4 4 4 4 4 4 4 0 0 0 0 0 0 0 0 0 0 0 0 0 0 0 0 0 0 0 0 0 0 0 0 0 0 0 0 0 
6 6 6 6 6 6 6 6 6 6 0 0 0 0 0 0 0 0 0 0 0 0 0 0 0 0 0 0 4 4 0 0 6 0 0 0 0 0 0 6 6 6 6 6 6 6 6 4 4 4 4 4 4 0 0 0 0 0 0 0 0 0 0 0 0 0 0 0 0 0 0 0 0 0 0 0 0 0 0 0 0 0 0 0 0 0 0 0 0 4 4 4 4 4 4 4 4 4 0 0 0 0 0 0 0 0 0 0 0 0 0 0 0 0 0 0 0 0 0 0 0 0 0 0 0 0 0 0 0 
6 6 6 6 6 6 6 6 6 6 6 6 0 0 0 0 0 0 0 0 0 0 0 0 0 0 0 0 0 0 0 0 0 0 0 0 0 6 6 6 6 6 6 6 6 6 6 6 6 4 4 0 0 0 0 0 0 0 0 0 0 0 0 0 0 0 0 0 0 0 0 0 0 0 0 0 0 0 0 0 0 0 0 0 0 0 0 0 0 4 4 4 4 4 4 4 0 0 0 0 0 0 0 0 0 0 0 0 0 0 0 0 0 0 0 0 0 0 0 0 0 0 0 0 0 0 0 0 0 
6 6 6 6 6 6 6 6 6 6 6 6 0 0 0 0 0 0 0 0 0 0 0 0 0 0 0 0 0 0 0 0 4 0 0 6 6 6 6 6 6 6 6 6 6 6 6 4 4 4 4 4 0 0 0 0 0 0 0 0 0 0 0 0 0 0 0 0 0 0 0 0 0 0 0 0 0 0 0 0 0 0 0 0 0 0 0 0 4 4 4 4 4 4 4 4 0 0 0 0 0 0 0 0 0 0 0 0 0 0 0 0 0 0 0 0 0 0 0 0 0 0 0 0 0 0 0 0 0 
6 6 6 6 6 6 6 6 6 6 6 6 6 0 0 0 0 0 0 0 0 0 0 0 0 0 0 0 0 0 0 0 0 0 6 6 6 6 6 6 6 6 6 6 6 6 4 4 4 6 6 4 4 4 0 0 0 0 0 0 0 0 0 0 0 0 0 0 0 0 0 0 0 0 0 0 0 0 0 0 0 0 0 0 0 0 4 4 4 4 4 4 4 0 0 4 4 4 0 0 0 0 0 0 0 0 0 0 0 0 0 0 0 0 0 0 0 0 0 0 0 0 0 0 0 0 0 0 0 
6 6 6 6 6 6 6 6 6 6 6 6 6 0 0 0 0 0 0 0 0 0 0 0 0 0 0 0 0 0 0 0 0 6 6 6 6 6 6 6 6 6 6 6 6 4 4 6 6 6 6 0 0 0 0 0 0 0 0 0 0 0 0 0 0 0 0 0 0 0 0 0 0 0 0 0 0 0 0 0 0 0 0 0 0 4 4 4 4 4 4 4 0 0 0 0 0 4 4 4 0 0 0 0 0 0 0 0 0 0 0 0 0 0 0 0 0 0 0 0 0 0 0 0 0 0 0 0 0 
6 6 6 6 6 6 6 6 6 6 6 6 0 0 0 0 0 0 0 0 0 0 0 0 0 0 0 0 0 4 4 4 0 0 6 6 6 6 6 6 6 6 6 4 4 4 6 6 6 6 0 0 0 4 4 4 4 4 4 4 4 4 4 4 4 0 0 0 0 0 0 0 0 0 0 0 0 0 0 0 0 0 0 0 4 4 4 4 4 4 4 0 0 0 0 0 0 0 4 4 4 0 0 0 0 0 0 0 0 0 0 0 0 0 0 0 0 0 0 0 0 0 0 0 0 0 0 0 0 
6 6 6 6 6 0 0 0 0 0 0 0 0 0 0 0 0 0 0 0 0 0 0 0 0 0 0 0 4 4 4 4 0 0 6 6 6 6 6 6 6 6 4 4 4 6 6 6 0 0 0 4 4 4 4 4 4 4 4 4 4 4 4 4 4 4 4 4 4 4 0 0 0 0 0 0 0 0 0 0 0 0 4 4 4 4 4 4 4 4 0 0 0 0 0 0 0 0 0 0 4 4 4 0 0 0 0 0 0 0 0 0 0 0 0 0 0 0 0 0 0 0 0 0 0 0 0 0 0 
6 6 6 6 6 6 6 0 0 0 0 0 0 0 0 0 0 0 0 0 0 0 0 0 0 0 0 0 4 4 4 4 4 0 0 6 6 6 6 6 6 4 4 4 6 0 0 0 0 4 4 4 4 4 4 0 0 0 0 0 0 4 4 4 4 4 4 4 4 4 4 4 4 4 4 4 4 4 4 0 0 0 0 0 4 4 4 0 0 0 0 0 0 0 0 0 0 0 0 0 0 0 4 4 4 0 0 0 0 0 0 0 0 0 0 0 0 0 0 0 0 0 0 0 0 0 0 0 0 
6 6 6 6 6 6 6 6 6 6 6 6 0 0 0 0 0 0 0 0 0 0 0 0 0 0 0 0 0 4 4 4 4 0 0 6 6 6 6 6 4 4 6 0 0 0 4 4 4 4 0 0 0 0 0 0 0 0 0 0 0 0 0 0 0 0 0 4 4 4 4 4 4 4 4 4 4 4 4 4 4 4 4 0 0 0 0 0 0 4 4 4 4 4 4 0 0 0 0 0 0 0 0 0 4 4 4 4 0 0 0 0 0 0 0 0 0 0 0 0 0 0 0 0 0 0 0 0 0 
6 6 6 6 6 6 6 6 6 6 6 6 6 0 0 0 0 0 0 0 0 0 0 0 0 0 0 0 0 4 4 4 4 4 0 0 6 6 6 4 4 0 0 0 4 4 4 4 0 0 0 0 0 0 0 0 0 0 0 0 0 0 0 0 0 0 0 0 0 0 0 0 0 0 0 4 4 4 4 4 4 4 4 4 4 4 4 4 4 4 4 4 4 4 4 4 4 0 0 0 0 0 0 0 0 0 4 4 4 0 0 0 0 0 0 0 0 0 0 0 0 0 0 0 0 0 0 0 0 
6 6 6 6 6 6 6 6 6 6 6 6 6 0 0 0 0 0 0 0 0 0 0 0 0 0 0 0 0 0 0 4 4 4 0 0 6 4 4 4 0 0 4 4 4 4 4 0 0 0 0 0 0 0 0 0 0 0 0 0 0 0 0 0 0 0 0 0 0 0 0 0 0 0 0 0 0 0 0 0 0 0 0 4 4 4 4 4 4 4 4 4 4 4 4 4 4 4 0 0 0 0 0 0 0 0 0 0 4 4 4 0 0 0 0 0 0 0 0 0 0 0 0 0 0 0 0 0 0 
6 6 6 6 6 6 6 6 6 6 6 6 6 6 0 0 0 0 0 0 0 0 0 0 0 0 0 0 0 0 0 4 4 4 4 0 0 4 0 0 0 4 4 4 4 0 0 0 0 0 0 0 0 0 0 0 0 6 6 6 6 6 6 6 4 4 0 0 0 0 0 0 0 0 0 0 0 0 0 0 0 0 0 0 0 0 0 0 0 0 0 0 0 0 0 0 0 4 0 0 0 0 0 0 0 0 0 0 0 0 4 4 4 0 0 0 0 0 0 0 0 0 0 0 0 0 0 0 0 
6 6 6 6 6 6 6 6 0 0 0 0 6 6 0 0 0 0 0 0 0 0 0 0 0 0 0 0 0 0 0 0 0 0 0 0 0 0 0 4 4 4 4 4 0 0 0 0 0 0 0 0 0 0 6 6 6 6 6 6 6 6 6 6 4 4 4 0 0 0 0 0 0 0 4 4 4 4 4 4 4 4 0 0 0 0 0 0 0 15 15 15 15 15 15 15 0 0 0 0 0 0 0 0 0 0 0 0 0 0 0 0 4 4 4 0 0 0 0 0 0 0 0 0 0 0 0 0 0 
6 6 6 6 6 0 0 0 0 4 0 0 6 6 0 0 0 0 0 0 0 0 0 0 0 0 0 0 0 0 0 0 0 0 0 0 0 0 0 4 4 4 4 0 0 0 0 0 0 0 0 0 6 6 6 6 6 6 6 6 6 6 6 6 6 6 4 4 4 0 0 0 0 4 4 0 4 4 4 4 4 0 0 0 0 0 0 15 4 4 15 15 15 15 15 15 15 15 0 0 0 0 0 0 0 0 0 15 0 0 0 0 0 0 4 4 4 0 0 0 0 0 0 0 0 0 0 0 0 
6 6 6 0 0 0 4 4 4 4 4 0 0 6 6 0 0 0 0 0 0 0 0 0 0 0 0 0 0 0 0 0 0 0 0 0 0 0 0 0 0 0 0 0 0 0 0 0 0 0 0 0 6 6 6 6 6 6 6 6 6 6 6 6 6 6 6 6 4 4 0 0 4 4 0 4 4 4 4 4 0 0 0 0 0 0 0 15 15 15 4 15 15 15 15 15 15 15 15 0 0 0 0 0 0 0 0 15 0 0 0 0 0 0 0 0 4 4 4 0 0 0 0 0 0 0 0 0 0 
4 6 0 0 0 4 4 4 4 4 4 0 0 6 6 0 0 0 0 0 0 0 0 0 0 0 0 0 0 0 0 0 0 0 0 0 0 0 0 0 0 0 0 0 0 0 0 0 0 0 0 6 6 6 6 6 6 6 6 6 6 6 6 6 6 6 6 6 6 4 4 4 4 0 4 4 4 4 4 0 0 0 0 0 0 0 0 15 4 15 15 4 15 15 15 15 15 4 4 4 0 4 0 0 0 0 0 0 0 0 0 0 0 0 0 0 0 0 4 4 4 0 0 0 0 0 0 0 0 
4 6 0 0 0 0 0 0 4 4 4 4 0 0 6 6 0 0 0 0 0 0 0 0 0 0 0 0 0 0 0 0 0 0 0 0 0 0 0 0 0 0 0 0 0 0 0 0 0 0 6 6 6 6 6 6 6 6 6 6 6 6 6 6 6 6 6 6 6 4 4 4 4 4 4 0 4 4 0 0 0 0 0 0 0 0 0 15 4 15 15 15 4 4 4 4 4 4 4 4 4 0 0 0 0 0 0 0 0 0 0 0 0 0 0 0 0 0 0 0 4 4 4 0 0 0 0 0 0 
4 4 0 0 0 0 0 0 4 4 4 0 0 6 6 6 0 0 0 0 0 0 0 0 0 0 0 0 0 0 0 0 0 0 0 0 0 0 0 0 0 0 0 0 0 0 0 0 0 6 6 6 6 6 6 6 6 6 6 6 6 6 6 6 6 6 6 6 6 4 4 6 4 4 4 4 4 0 0 0 0 0 0 0 0 0 0 15 15 15 15 15 4 15 15 15 15 15 15 15 15 0 0 0 0 0 0 0 0 0 0 0 0 0 0 0 0 0 0 0 0 0 4 4 4 0 0 0 0 
6 4 4 0 0 0 0 0 0 0 0 0 0 6 6 6 6 6 0 0 0 0 0 0 0 0 0 0 0 0 0 0 0 0 0 0 0 0 0 0 0 0 0 0 0 0 0 0 0 6 6 6 6 6 6 6 6 6 6 6 6 6 6 6 6 6 6 4 4 4 4 4 4 4 4 4 6 0 0 0 0 0 0 0 0 0 15 15 15 4 15 15 15 15 15 15 4 15 15 15 15 15 0 0 0 0 0 0 0 0 0 0 0 0 0 0 0 0 0 0 0 0 0 4 4 4 4 0 0 
6 6 4 0 0 0 0 0 0 6 6 6 6 6 6 6 6 6 0 0 0 0 0 0 0 0 0 0 0 0 0 0 0 0 0 0 0 0 0 0 0 0 0 0 0 0 0 0 6 6 6 6 6 6 6 6 6 6 6 6 6 6 6 6 6 6 4 4 6 4 4 6 4 4 4 4 4 0 0 0 0 0 0 0 0 0 0 15 15 4 15 4 15 15 15 4 15 15 15 15 15 15 0 0 0 0 0 0 0 0 0 0 0 0 0 0 0 0 0 0 0 0 0 0 0 0 4 4 4 
6 6 6 6 0 0 0 0 0 6 6 6 6 6 6 6 6 6 6 6 0 0 0 0 0 0 0 0 0 0 0 0 0 0 0 0 0 0 0 0 0 0 0 0 0 0 0 0 6 6 6 6 6 6 6 6 6 6 6 6 6 6 6 6 6 4 4 4 4 4 4 4 4 6 6 6 4 4 4 0 0 0 0 0 0 0 0 15 15 15 15 15 15 4 15 15 15 15 15 15 0 0 0 0 0 0 0 0 0 0 0 0 0 0 0 0 0 0 0 0 0 0 0 0 0 0 0 0 4 
6 6 6 6 4 0 0 0 0 6 6 6 6 6 6 6 6 6 6 6 0 6 0 0 0 0 0 0 0 0 0 0 0 0 0 0 0 0 0 0 0 0 0 0 0 0 0 0 0 0 6 6 6 6 6 6 6 6 6 6 6 6 6 4 4 4 6 4 4 6 4 4 4 6 6 6 6 4 4 0 0 0 0 0 0 0 0 0 15 15 4 15 4 15 15 15 15 15 15 0 0 0 0 0 0 0 0 0 0 0 0 0 0 0 0 0 0 0 0 0 0 0 0 0 0 0 0 0 0 
6 6 6 6 6 0 0 4 0 0 6 6 6 6 6 6 6 6 6 6 6 6 4 0 0 0 0 0 0 0 0 0 0 0 0 0 0 0 0 0 0 0 0 0 0 0 0 4 0 0 6 6 6 6 6 6 6 6 6 6 6 6 6 4 4 4 4 4 6 4 4 6 6 6 6 6 6 6 4 4 4 0 0 0 0 0 0 0 15 15 4 15 15 15 15 15 15 0 0 0 0 0 0 0 0 0 0 0 0 0 0 0 0 0 0 0 0 0 0 0 0 0 0 0 0 0 0 0 0 
6 6 6 6 6 0 0 4 0 0 6 6 6 6 6 6 6 6 6 6 6 4 4 6 6 0 0 0 0 0 0 0 0 0 0 0 0 0 0 0 0 0 0 0 0 0 0 4 4 0 0 0 6 6 6 6 6 6 6 6 6 4 4 4 4 4 4 4 4 4 6 6 6 6 6 6 6 6 6 6 4 4 4 0 0 0 0 0 0 15 4 15 15 15 15 0 0 0 0 0 0 0 0 0 0 0 0 0 0 0 0 0 0 0 0 0 0 0 0 0 0 0 0 0 0 0 0 0 0 
6 6 6 6 6 0 0 4 0 0 6 6 6 6 6 6 6 6 6 4 4 4 6 6 6 0 0 0 0 0 0 0 0 0 0 0 0 0 0 0 0 0 0 0 0 0 0 0 4 4 4 0 6 6 6 6 6 6 6 6 4 4 6 4 4 4 6 4 4 4 6 6 6 6 6 6 6 6 6 6 6 4 4 0 0 0 0 0 0 15 15 4 15 0 0 0 0 0 0 0 0 0 0 0 0 0 0 0 0 0 0 0 0 0 0 0 0 0 0 0 0 0 0 0 0 0 0 0 0 
6 6 6 6 6 6 0 0 0 0 4 4 6 6 6 6 6 6 4 4 6 6 6 6 6 6 0 0 0 0 0 0 0 0 0 0 0 0 0 0 0 0 0 0 0 0 0 0 4 4 4 0 0 0 6 6 6 6 6 4 4 4 4 4 4 4 4 4 4 6 6 6 6 6 6 6 6 6 6 6 6 6 4 4 4 0 0 0 0 0 0 0 0 0 0 0 0 0 0 0 0 0 0 0 0 0 0 0 0 0 0 0 0 0 0 0 0 0 0 0 0 0 0 0 0 0 0 0 0 
6 6 6 6 6 6 0 0 4 0 0 4 6 6 6 6 6 4 4 4 6 6 6 6 6 6 6 0 0 0 0 0 0 0 0 0 0 0 0 0 0 0 0 0 0 0 0 0 0 4 4 4 4 0 0 6 6 6 4 4 6 4 4 4 6 4 4 4 6 6 6 6 6 6 6 6 6 6 6 6 6 6 6 6 4 4 4 0 0 0 0 0 0 0 0 0 0 0 0 0 0 0 0 0 0 0 0 4 0 0 0 0 0 0 0 0 0 0 0 0 0 0 0 0 0 0 0 0 0 
6 6 6 6 6 6 0 0 0 0 0 4 4 4 6 4 4 4 6 6 6 6 6 6 6 0 0 0 0 0 0 0 0 0 0 0 0 0 0 0 0 0 0 0 0 0 0 0 0 0 0 4 4 4 0 0 4 4 4 4 4 4 4 4 4 4 4 6 6 6 6 6 6 6 6 6 6 6 6 6 6 6 6 6 6 4 4 0 0 0 0 0 0 0 0 0 0 0 0 0 0 0 0 0 0 4 4 4 4 0 0 0 0 0 0 0 0 0 0 0 0 0 0 0 0 0 0 0 0 
6 6 6 6 6 6 6 0 0 0 0 6 6 4 4 4 4 6 6 6 6 0 0 0 0 0 0 0 0 0 0 0 0 0 0 0 0 0 0 0 0 0 0 0 0 0 0 0 0 0 0 0 0 4 4 0 0 0 6 4 4 4 4 4 4 4 6 6 6 6 6 6 6 6 6 6 6 6 6 6 6 6 6 6 6 6 4 4 4 0 0 0 0 0 0 0 0 0 0 0 0 0 0 4 4 4 4 4 0 4 4 0 0 0 0 0 0 0 0 0 0 0 0 0 0 0 0 0 0 
6 6 6 6 6 6 6 0 0 0 0 0 0 0 0 0 0 0 0 0 0 0 0 0 0 0 0 0 0 0 0 0 0 0 0 0 0 0 0 0 0 0 0 0 0 0 0 0 0 0 0 0 0 4 4 4 4 0 0 0 0 0 4 4 4 6 6 0 0 0 0 0 0 0 0 0 0 6 6 6 6 6 6 6 6 6 6 6 4 4 0 0 0 0 0 0 0 0 0 0 0 0 4 4 4 0 0 0 0 4 4 4 0 0 0 0 0 0 0 0 0 0 0 0 0 0 0 0 0 
6 6 6 6 6 6 6 6 0 0 0 0 0 4 4 4 4 4 0 0 0 0 0 0 0 0 0 0 0 0 0 0 0 0 0 0 0 0 0 0 0 0 0 0 0 0 0 0 0 0 0 0 0 0 0 4 4 4 4 4 4 0 0 0 0 0 0 0 4 4 4 4 4 4 4 4 0 0 0 0 6 6 6 6 6 6 6 6 6 4 4 0 0 0 0 0 0 0 0 0 4 4 4 4 0 0 0 0 0 0 0 4 4 0 0 0 0 0 0 0 0 0 0 0 0 0 0 0 0 
6 6 6 6 6 6 6 6 0 0 0 0 0 0 0 0 0 0 0 0 0 0 0 0 0 0 0 0 0 0 0 0 0 0 0 0 0 0 0 0 0 0 0 0 0 0 0 0 0 0 0 0 0 0 0 0 0 0 4 4 4 4 4 4 4 4 4 4 4 4 4 4 4 4 4 4 4 0 0 0 0 6 6 6 6 6 6 6 6 6 4 4 4 0 0 0 0 0 4 4 4 4 0 0 0 0 0 0 0 0 0 0 0 0 0 0 0 0 0 0 0 0 0 0 0 0 0 0 0 
6 6 6 6 6 6 6 6 6 0 0 0 0 0 0 0 0 0 0 0 0 0 0 0 0 0 0 0 0 0 0 0 0 0 0 0 0 0 0 0 0 0 0 0 0 0 0 0 0 0 0 0 0 0 0 0 0 0 0 0 0 0 0 4 4 4 4 4 4 4 0 0 0 0 0 0 0 4 4 4 0 0 0 6 6 6 6 6 6 6 6 6 4 4 0 0 0 0 4 4 4 0 0 0 0 0 0 0 0 0 0 0 0 0 0 0 0 0 0 0 0 0 0 0 0 0 0 0 0 
6 6 6 6 6 6 6 6 4 4 0 0 0 0 0 0 0 0 0 0 0 0 0 0 0 0 0 0 0 0 0 0 0 0 0 0 0 0 0 0 0 0 0 0 0 0 0 0 0 0 0 0 0 0 0 0 0 0 0 0 0 0 0 0 0 0 0 0 0 0 0 0 0 0 0 0 0 0 0 4 4 4 0 0 0 6 6 6 6 6 6 6 0 0 0 0 4 4 4 0 0 0 0 0 0 0 0 0 0 0 0 0 0 0 0 0 0 0 0 0 0 0 0 0 0 0 0 0 0 
6 6 6 6 6 6 6 6 4 4 6 0 0 0 0 0 0 0 0 0 0 0 0 0 0 0 0 0 0 0 0 6 6 6 6 6 0 0 0 0 0 0 0 0 0 0 0 0 0 0 0 0 0 0 0 0 0 0 0 0 0 0 0 0 0 0 0 0 0 0 0 0 0 0 0 0 0 0 0 0 4 4 4 4 0 0 0 6 6 6 0 0 0 4 4 4 4 4 0 0 0 0 0 0 0 0 0 0 0 0 0 0 0 0 0 0 0 0 0 0 0 0 0 0 0 0 0 0 0 
6 6 6 6 6 6 4 4 4 6 6 6 6 6 6 6 6 6 6 6 6 6 4 4 6 6 6 6 6 6 6 6 6 6 6 6 6 0 0 0 0 0 0 0 0 0 0 0 0 0 0 0 0 0 0 0 0 0 0 0 0 0 0 0 0 0 0 0 0 0 0 0 0 0 0 0 0 0 0 0 0 4 4 4 4 0 0 0 0 0 0 4 0 0 4 4 4 0 0 0 0 0 0 0 0 0 0 0 0 0 0 0 0 0 0 0 0 0 0 0 0 0 0 0 0 0 0 0 0 
6 6 6 6 6 4 4 6 6 6 6 6 6 6 6 6 6 6 6 6 6 6 6 4 4 4 6 6 6 6 6 6 6 6 6 6 6 6 0 0 0 0 0 0 0 0 0 0 0 0 0 0 0 0 0 0 0 0 0 0 0 0 0 0 0 0 0 0 0 0 0 0 0 0 0 0 0 0 0 0 0 0 4 4 4 4 4 4 4 0 0 0 0 0 0 0 0 0 0 0 0 0 0 0 0 0 0 0 0 0 0 0 0 0 0 0 0 0 0 0 0 0 0 0 0 0 0 0 0 
6 6 6 6 4 4 4 6 6 6 6 6 6 6 6 6 6 6 6 6 6 6 6 6 6 4 4 4 6 6 6 6 6 6 6 6 6 6 6 6 0 0 0 0 0 0 0 0 0 0 0 0 0 0 0 0 0 0 0 0 0 0 0 0 0 0 0 0 0 0 0 0 0 0 0 0 0 0 0 0 0 0 0 0 0 0 0 0 0 0 0 0 0 0 0 0 0 0 0 0 4 0 0 0 0 0 0 0 0 0 0 0 0 0 0 0 0 0 0 0 0 0 0 0 0 0 0 0 0 
